volume=100.000000
sub-pos=100.000000
